<?xml version="1.0"?>
<opencv_storage>
<calibration_time>"04/28/16 10:44:36"</calibration_time>
<nr_of_frames>22</nr_of_frames>
<image_width>2560</image_width>
<image_height>1920</image_height>
<board_width>9</board_width>
<board_height>6</board_height>
<square_size>1.2100000381469727e+001</square_size>
<fix_aspect_ratio>1.</fix_aspect_ratio>
<!-- flags:  +fix_aspect_ratio -->
<flags>2</flags>
<camera_matrix type_id="opencv-matrix">
  <rows>3</rows>
  <cols>3</cols>
  <dt>d</dt>
  <data>
    2.0751576348383410e+003 0. 1.1381652640773671e+003 0.
    2.0751576348383410e+003 6.5048310288668142e+002 0. 0. 1.</data></camera_matrix>
<distortion_coefficients type_id="opencv-matrix">
  <rows>5</rows>
  <cols>1</cols>
  <dt>d</dt>
  <data>
    -3.5936205215375089e-001 1.4178645212972360e-001
    8.2794095656114029e-003 6.3593243926424463e-004
    -3.0095237143697898e-002</data></distortion_coefficients>
<avg_reprojection_error>1.2984533569230414e+000</avg_reprojection_error>
<per_view_reprojection_errors type_id="opencv-matrix">
  <rows>22</rows>
  <cols>1</cols>
  <dt>f</dt>
  <data>
    9.92943645e-001 2.79028869e+000 1.77125144e+000 1.92115939e+000
    1.62456346e+000 7.84552693e-001 8.81317973e-001 2.11058331e+000
    7.95682967e-001 1.00988626e+000 1.10739732e+000 1.36968839e+000
    6.09320641e-001 5.57258606e-001 5.68924129e-001 5.53400040e-001
    4.39021021e-001 5.08836448e-001 4.71141130e-001 4.30226654e-001
    4.17874634e-001 2.43008327e+000</data></per_view_reprojection_errors>
<extrinsic_parameters type_id="opencv-matrix">
  <rows>22</rows>
  <cols>6</cols>
  <dt>d</dt>
  <data>
    -4.0524722437908212e-001 5.2973966426016950e-001
    1.5202378042953391e+000 2.9408321122375156e+001
    -1.9446257667483341e+001 3.5012848266571280e+002
    -4.5834003458011069e-001 5.8918232099825862e-001
    1.4963728231950424e+000 3.3705663506351435e+001
    -1.2185310434870612e+001 3.5851166488382518e+002
    -3.2989027949687338e-001 -7.2641200394413397e-001
    -2.4799745350682287e+000 2.5666196646976665e+001
    7.4457491723004708e+001 2.9611276600277705e+002
    1.1227353895364156e-001 9.0196562925925439e-001
    2.9751802636932303e+000 4.9760339751918252e+001
    5.1621664803280055e+001 3.0997075939978004e+002
    -2.4970531409376148e-001 6.8805412342970484e-001
    2.0946464205110731e+000 5.4060440216444519e+001
    8.5990795448215032e+000 3.3808655180345892e+002
    -5.2983571880892466e-001 -4.0243756143267739e-001
    -1.5399934166990448e+000 -2.5290936976965256e+001
    7.0765570907661129e+001 3.0617464150509659e+002
    -3.1783356756286979e-001 6.1063732532937731e-001
    1.4640075758968176e+000 3.2480790788506958e+001
    -1.7568360453707143e+001 3.4977250422493506e+002
    7.5421661122838879e-002 7.5844247032478684e-001
    3.0027452356550319e+000 7.9386618507057705e+001
    1.5528580689993569e+002 2.4857976657005349e+002
    -7.7147764432114907e-002 7.6247998686310769e-001
    2.7913077890492697e+000 2.3089438331796944e+002
    1.3603933351432008e+002 2.5270497196796916e+002
    -4.9756378946170460e-001 -4.0525424895616913e-001
    -1.5107886884650736e+000 1.6952994819357079e+002
    8.3534182761744930e+001 2.8634709025286691e+002
    -5.3264442728514039e-001 -4.1129529512302787e-001
    -1.4823665003743887e+000 1.4769311466435846e+002
    -6.1677069510932078e+001 3.8484995069962645e+002
    4.8153555247211371e-001 -1.9213859164721664e-001
    1.5477442845221572e+000 -7.3191624839717392e+001
    -1.0105023840443000e+002 4.3590040356407991e+002
    1.4119788081580555e+000 6.2538706443214254e-001
    2.3005388281516863e+000 2.5351005903754680e+002
    5.7770425271907214e+001 2.9990784747571854e+002
    -5.9725447798428288e-001 1.2294347093600304e-001
    -7.4576859625410843e-002 -2.0971468298790808e+002
    -2.7509719202672976e+001 4.1002402924753687e+002
    -6.0482400999940555e-001 1.0965497125669035e-001
    5.5254900494664016e-003 -9.6269718534091069e+001
    -8.4771592480256729e+001 4.3029300860207292e+002
    -6.0627142062817552e-001 3.9984596463990642e-002
    -4.2263459424926673e-002 2.1598052124718247e+001
    -8.8413008863664217e+001 4.1930297577102078e+002
    -6.1036355402402320e-001 1.6043852479507355e-002
    -5.2218957388799621e-002 1.3613635060514187e+002
    -1.2641539481239062e+002 4.3921880845397828e+002
    -4.2987849744178835e-001 4.7527492318641623e-001
    1.5235358977435443e+000 2.2363156679516362e+002
    1.2424312106107394e+001 3.4031374122039551e+002
    -4.2157834755812756e-001 4.6810980796957485e-001
    1.5166834020485769e+000 2.2070040077193923e+002
    5.3747069893434769e+001 3.1358062074439272e+002
    -5.4215948647297585e-001 1.0721520644410046e-001
    -6.4320029245508129e-002 -1.2876641100372427e+002
    1.1488919470083388e+002 3.0352579973723869e+002
    -5.2213199291218071e-001 -3.4951703434441422e-001
    -1.5812223044912377e+000 -1.5978974252949058e+002
    1.6775909381679875e+002 2.7656414659266579e+002
    1.3307404106953022e-001 8.9545601836188682e-001
    2.9498220269844970e+000 2.4348535241992074e+001
    4.2821397598613061e+001 3.2964256918949525e+002</data></extrinsic_parameters>
